年度,股本(億),財報評分,收盤,平均,漲跌,漲跌(%),營業收入,營業毛利,營業利益,業外損益,稅後淨利,營業毛利,營業利益,業外損益,稅後淨利,ROE(%),ROA(%),稅後EPS,EPS年增(元),BPS(元)
23Q3,"2,593",89,570,541,+121.5,+27.1,"15,362","8,433","6,613",396,"5,998",54.9,43,2.58,39,,,23.13,-4.66,129.12
2022,"2,593",89,448.5,516,-166.5,-27.1,"22,639","13,484","11,213",229,"10,165",59.6,49.5,1.01,44.9,39.6,23.4,39.2,+16.19,113.6
2021,"2,593",87,615,598,+85,+16,"15,874","8,195","6,500",131,"5,965",51.6,40.9,0.83,37.6,29.7,18.4,23.01,+3.04,83.62
2020,"2,593",89,530,379,+199,+60.1,"13,393","7,111","5,668",180,"5,179",53.1,42.3,1.34,38.7,29.8,20.6,19.97,+6.65,71.33
2019,"2,593",89,331,262,+105.5,+46.8,"10,700","4,927","3,727",171,"3,453",46,34.8,1.6,32.3,20.9,15.9,13.32,-0.22,62.53
2018,"2,593",94,225.5,237,-4,-1.7,"10,315","4,979","3,836",139,"3,511",48.3,37.2,1.35,34,21.9,17.2,13.54,+0.31,64.67
2017,"2,593",91,229.5,210,+48,+26.4,"9,774","4,948","3,856",106,"3,431",50.6,39.4,1.08,35.1,23.6,17.7,13.23,+0.34,58.7
2016,"2,593",91,181.5,166,+38.5,+26.9,"9,479","4,748","3,780",80,"3,342",50.1,39.9,0.84,35.3,25.6,18.9,12.89,+1.07,53.58
2015,"2,593",94,143,140,+2,+1.4,"8,435","4,104","3,200",304,"3,066",48.7,37.9,3.6,36.3,27,19.4,11.82,+1.64,47.11
2014,"2,593",91,141,123,+35.5,+33.6,"7,628","3,777","2,959",62.1,"2,639",49.5,38.8,0.81,34.6,27.9,19.1,10.18,+2.92,40.32
2013,"2,593",89,105.5,104,+8.5,+8.8,"5,970","2,809","2,094",60.6,"1,881",47.1,35.1,1.01,31.5,23.9,16.9,7.26,+0.84,32.69
2012,"2,592",89,97,84.1,+21.2,+28,"5,067","2,441","1,812",5,"1,663",48.2,35.8,0.1,32.8,24.5,19.1,6.42,+1.24,27.9
2011,"2,592",94,75.8,72.1,+4.8,+6.8,"4,271","1,941","1,416",35.9,"1,342",45.4,33.1,0.84,31.5,22.2,18,5.18,-1.06,24.29
2010,"2,591",96,71,62,+6.5,+10.1,"4,195","2,071","1,592",111,"1,616",49.4,37.9,2.64,38.7,30.1,24.7,6.24,+2.79,22.16
2009,"2,590",91,64.5,55.5,+20.1,+45.3,"2,957","1,293",920,35,892,43.7,31.1,1.18,30.3,18.3,15.5,3.45,-0.41,19.11
2008,"2,563",94,44.4,56.4,-17.6,-28.4,"3,332","1,417","1,044",70.4,999,42.5,31.3,2.11,30.2,20.7,17.8,3.86,-0.28,18.59
2007,"2,643",94,62,65.5,-5.5,-8.1,"3,226","1,424","1,117",99.2,"1,092",44.1,34.6,3.07,34.1,22,19,4.14,-0.79,19.03
2006,"2,583",96,67.5,61.3,+5,+8,"3,174","1,558","1,273",61,"1,270",49.1,40.1,1.92,40.1,26.6,23,4.93,+1.14,19.69
2005,"2,473",94,62.5,54.1,+12,+23.8,"2,666","1,182",910,32.9,936,44.3,34.1,1.24,35.1,22.2,18.4,3.79,-0.18,18.04
2004,"2,325",89,50.5,52.4,-13,-20.5,"2,572","1,158",885,34.8,923,45,34.4,1.35,35.9,25.4,20.4,3.97,+1.64,17.19
2003,"2,027",79,63.5,56.4,+20.9,+49.1,"2,030",749,513,-1.22,473,36.9,25.3,-0.06,23.3,15.1,11.8,2.33,+1.19,16.24
2002,"1,862",68,42.6,67.4,-44.9,-51.3,"1,623",523,316,-43.7,216,32.2,19.5,-2.69,13.3,7.54,5.71,1.14,+0.31,14.85
2001,"1,683",62,87.5,77.7,+9,+11.5,"1,259",337,128,-19.9,145,26.7,10.2,-1.58,11.5,5.37,3.93,0.83,-4.88,15.29
2000,"1,169",91,78.5,146,-88.5,-53,"1,662",786,613,26.1,651,47.3,36.9,1.57,39.2,31.4,21.5,5.71,+2.47,20.15
1999,852,74,167,120,+96,+135,763,301,223,-16.4,235,39.4,29.2,-2.15,30.8,19.9,12.5,3.24,+0.7,15.74
1998,605,72,71,101,-41,-36.6,504,181,138,-11.4,153,36,27.4,-2.27,30.4,20,11.6,2.54,-1.86,13.9
1997,408,83,112,109,+55.5,+98.2,439,211,149,4,180,48,34,0.91,40.9,29.6,17.7,4.4,-2.91,17
1996,265,94,56.5,63.8,-28.5,-33.5,394,220,182,8.04,194,55.8,46.3,2.04,49.2,45.3,30.5,7.31,-3.17,19.63
1995,144,91,85,128,-72,-45.9,288,161,139,4.18,151,56,48.3,1.45,52.4,44.9,31.2,10.48,-0.38,23.34
1994,78,-,157,159,+61,+63.5,-,-,-,-,84.7,-,-,-,-,-,-,10.86,-,24.14
1993,-,-,-,-,-,-,-,-,-,-,-,-,-,-,-,-,-,-,-,18.25
1992,-,-,-,-,-,-,-,-,-,-,-,-,-,-,-,-,-,-,-,12.82
1991,-,-,-,-,-,-,-,-,-,-,-,-,-,-,-,-,-,-,-,11.54
